version: 1.0
note: 
hidden_size: 100
hybrid: True
save_dict: False
lr: 0.001
l2: 1e-05
lr_step: 5
lr_gamma: 0.1
es_patience: 5
es_eps: tensor([1.0000e-05], device='cuda:0')
epoch: 50
num_workers: 0
batch_size: 100
hawkes_graph: False
hawkes_embedding: False
dataset: sample
step: 1
val_split_rate: 0.0
k_metric: 20
device: cuda:0
criterion: CrossEntropyLoss()
log: _result/v1.0-Dec_21_06_51.txt
num_item: 309

Epoch, Time, loss_tr, hr_tr, mrr_tr, ndcg_tr, loss_val, hr_val, mrr_val, ndcg_val
1,   0.0233,  5.72259,   0.0963,   0.0397,   0.0246,  5.76620,   0.0303,   0.0025,   0.0081
2,   0.0120,  5.59097,   0.1826,   0.0747,   0.0454,  5.93823,   0.0505,   0.0083,   0.0177
3,   0.0112,  5.34976,   0.2158,   0.1048,   0.0736,  5.90499,   0.0909,   0.0237,   0.0384
4,   0.0112,  4.96797,   0.3676,   0.2200,   0.1784,  5.77949,   0.2222,   0.0600,   0.0950
5,   0.0118,  4.44941,   0.5228,   0.3333,   0.2780,  5.39497,   0.3737,   0.1459,   0.1962
6,   0.0117,  4.04083,   0.6622,   0.4566,   0.3957,  5.36070,   0.3939,   0.1557,   0.2088
7,   0.0117,  3.96380,   0.6739,   0.4742,   0.4148,  5.32993,   0.3939,   0.1640,   0.2155
8,   0.0119,  3.89006,   0.6905,   0.4896,   0.4296,  5.29739,   0.3939,   0.1736,   0.2231
9,   0.0129,  3.82784,   0.7079,   0.5005,   0.4386,  5.26613,   0.4040,   0.1795,   0.2301
10,   0.0118,  3.76493,   0.7154,   0.5146,   0.4545,  5.23708,   0.4141,   0.1841,   0.2353
11,   0.0121,  3.72237,   0.7203,   0.5234,   0.4644,  5.23444,   0.4141,   0.1849,   0.2361
12,   0.0116,  3.71659,   0.7228,   0.5248,   0.4655,  5.23180,   0.4141,   0.1858,   0.2369
13,   0.0119,  3.71078,   0.7245,   0.5253,   0.4656,  5.22858,   0.4141,   0.1859,   0.2370
14,   0.0118,  3.70523,   0.7270,   0.5265,   0.4665,  5.22619,   0.4141,   0.1857,   0.2368
15,   0.0119,  3.69970,   0.7295,   0.5275,   0.4671,  5.22366,   0.4141,   0.1856,   0.2367
16,   0.0119,  3.69596,   0.7295,   0.5277,   0.4673,  5.22343,   0.4141,   0.1856,   0.2367
17,   0.0117,  3.69542,   0.7295,   0.5277,   0.4673,  5.22316,   0.4141,   0.1856,   0.2367
18,   0.0122,  3.69491,   0.7295,   0.5284,   0.4681,  5.22287,   0.4141,   0.1856,   0.2367

[Info] Training stopped with best loss:  5.22858, hr:  0.4141, mrr:  0.1859, ndcg:  0.2370
[Info] Best hr at epoch:  10, mrr at epoch:  13, ndcg at epoch:  13
[Info] Test set result -> loss:  5.22287, hr:  0.4141, mrr:  0.1856, ndcg:  0.2367